,id,reason,mounth,day_of_week,time_year,transport,lenght,year,disciplin,last_degree,count_children,alco,smoke,animal,weight,height,index_mass,miss_hour
14,34,5,7,5,1,1802,10,37,0,1,0,0,0,0,83,172,28,11
122,34,28,7,1,1,1802,10,37,0,1,0,0,0,0,83,172,28,5
134,34,10,6,3,1,1802,10,37,0,1,0,0,0,0,83,172,28,4
220,34,23,7,3,1,1802,10,37,0,1,0,0,0,0,83,172,28,3
241,34,28,8,2,1,1802,10,37,0,1,0,0,0,0,83,172,28,7
412,34,28,7,2,1,1802,10,37,0,1,0,0,0,0,83,172,28,11
464,34,23,9,1,1,1802,10,37,0,1,0,0,0,0,83,172,28,4
482,34,8,6,5,1,1802,10,37,0,1,0,0,0,0,83,172,28,3
496,34,23,9,1,1,1802,10,37,0,1,0,0,0,0,83,172,28,5
531,34,25,6,1,1,1802,10,37,0,1,0,0,0,0,83,172,28,4
566,34,28,8,2,1,1802,10,37,0,1,0,0,0,0,83,172,28,5
650,34,26,7,5,1,1802,10,37,0,1,0,0,0,0,83,172,28,5
677,34,26,7,5,1,1802,10,37,0,1,0,0,0,0,83,172,28,11
